Contig	HK_CF2	HK_CF35	HK_CF70	V_CF26	V_CF34	V_CF71
Phel_clc_contig_11415	387.8631	391.6088	104.7377	34.9563	126.1202	33.5675
Phel_clc_contig_14856	527.4152	464.761	43.1273	26.2173	43.9295	77.0078
Phel_clc_contig_15144	85.8278	69.3879	9.8577	11.6521	7.0854	5.9237
Phel_clc_contig_21852	337.4147	225.9812	28.3408	11.6521	42.5124	29.6184
Phel_clc_contig_13987	507.7599	326.8635	247.6739	69.9127	55.2662	9.8728
Phel_clc_contig_11724	142.1728	110.7948	44.3595	8.7391	1.4171	15.7965
Phel_clc_contig_24226	54.3795	34.7567	16.0187	0	0	1.9746
Phel_clc_contig_27517	30.7932	20.2015	8.6255	0	1.4171	0
Phel_clc_contig_27719	49.7932	36.0114	16.0187	0	1.4171	0
Phel_clc_contig_9726	124.4831	89.7149	40.6629	26.2173	12.7537	9.8728
Phel_clc_contig_20942	75.345	59.8518	32.0374	11.6521	24.0904	13.8219
Phel_clc_contig_19282	286.9662	257.2246	110.8988	29.1303	48.1808	39.4912
Phel_clc_contig_9759	93.6899	94.8594	46.8239	23.3042	28.3416	17.771
Phel_clc_contig_17522	153.3107	142.6656	101.0411	17.4782	45.3466	67.135
Phel_clc_contig_10714	1671.3491	1371.8229	910.6021	367.0417	447.7977	712.8154
Phel_clc_contig_9673	135.621	93.1028	67.7715	20.3912	28.3416	47.3894
Phel_clc_contig_22241	45.8622	24.8441	9.8577	2.913	1.4171	7.8982
Phel_clc_contig_29510	19.6552	7.0266	2.4644	0	0	0
Phel_clc_contig_1562	2029.0742	1175.7048	943.8717	486.4759	144.5423	444.2755
Phel_clc_contig_13868	224.7247	108.1598	115.8276	37.8694	41.0954	51.3385
Phel_clc_contig_354	1349.6587	590.4874	704.8232	294.2159	168.6327	217.2014
Phel_clc_contig_7774	2159.4539	971.8072	1089.2723	439.8674	245.1551	385.0388
Phel_clc_contig_10172	69.4485	103.7682	85.0224	2.913	15.5879	21.7201
Phel_clc_contig_14549	32.7587	48.6845	40.6629	2.913	5.6683	7.8982
Phel_clc_contig_3735	172.3108	284.8292	230.423	34.9563	62.3516	65.1604
Phel_clc_contig_21178	109.4141	146.8063	118.292	14.5651	38.2612	49.3639
Phel_clc_contig_18363	53.7243	109.791	81.3258	5.8261	17.005	25.6693
Phel_clc_contig_13372	117.9313	165.0002	152.7939	26.2173	55.2662	77.0078
Phel_clc_contig_2818	516.9324	771.423	649.3739	180.6078	230.9843	385.0388
Phel_clc_contig_14636	51.1036	57.5932	41.8951	8.7391	4.2512	15.7965
Phel_clc_contig_10702	338.0699	405.913	269.8537	96.13	107.6982	142.1682
Phel_clc_contig_14779	74.6898	96.867	56.6816	17.4782	19.8391	31.5929
Phel_clc_contig_11378	89.7589	116.3157	91.1834	29.1303	29.7587	45.4148
Phel_clc_contig_666	1563.9006	2181.5159	1365.287	160.2166	158.7131	402.8098
Phel_clc_contig_16357	36.0346	53.578	35.734	8.7391	4.2512	19.7456
Phel_clc_contig_16686	32.7587	42.2852	29.573	5.8261	8.5025	15.7965
Phel_clc_contig_3540	70.1036	88.2092	64.0748	8.7391	14.1708	39.4912
Phel_clc_contig_5026	55.6898	84.6959	51.7528	23.3042	4.2512	21.7201
Phel_clc_contig_7066	26.207	44.1674	29.573	11.6521	2.8342	9.8728
Phel_clc_contig_11439	39.3104	81.3081	46.8239	8.7391	9.9196	11.8473
Phel_clc_contig_19690	11.138	21.4563	12.3221	0	0	0
Phel_clc_contig_24261	7.2069	21.0799	12.3221	0	1.4171	0
Phel_clc_contig_5173	88.4485	206.4071	135.5429	20.3912	35.427	29.6184
Phel_clc_contig_23356	18.3449	43.4145	29.573	8.7391	2.8342	5.9237
Phel_clc_contig_2814	625.0361	974.8186	637.0518	78.6518	276.3309	238.9215
Phel_clc_contig_12605	79.2761	134.1332	93.6479	5.8261	26.9245	11.8473
Phel_clc_contig_9584	101.552	166.1295	113.3632	14.5651	48.1808	19.7456
Phel_clc_contig_22169	27.5173	57.5932	20.9475	0	8.5025	0
Phel_clc_contig_5232	42.5863	89.8404	46.8239	0	17.005	3.9491
Phel_clc_contig_7417	118.5865	234.2626	125.6853	32.0433	46.7637	25.6693
Phel_clc_contig_11424	391.7941	444.0576	503.9733	101.956	75.1053	92.8042
Phel_clc_contig_14297	359.6906	405.5366	453.4527	58.2606	18.4221	31.5929
Phel_clc_contig_10888	129.7245	153.7074	197.1534	26.2173	12.7537	21.7201
Phel_clc_contig_19112	253.5524	338.7837	383.2169	43.6954	39.6783	57.2622
Phel_clc_contig_13213	187.3798	261.3653	271.0859	64.0866	32.5929	31.5929
Phel_clc_contig_12134	112.6899	166.1295	156.4905	17.4782	12.7537	21.7201
Phel_clc_contig_6750	1181.9341	1921.1543	1647.4628	40.7824	72.2711	37.5166
Phel_clc_contig_29243	5.8966	8.1559	8.6255	0	0	0
Phel_clc_contig_6434	105.483	139.5287	138.0074	29.1303	31.1758	21.7201
Phel_clc_contig_14361	118.5865	221.966	205.7788	55.3476	45.3466	59.2367
Phel_clc_contig_11643	583.7601	1097.7845	1007.9466	168.9557	97.7786	90.8297
Phel_clc_contig_1450	1445.3141	2171.1013	2029.4474	766.1266	602.2596	527.2069
Phel_clc_contig_25027	9.1724	16.9392	16.0187	2.913	0	0
Phel_clc_contig_9853	74.0347	153.08	144.1684	23.3042	18.4221	3.9491
Phel_clc_contig_10213	43.2415	50.5666	45.5917	23.3042	15.5879	7.8982
Phel_clc_contig_2966	203.7592	240.16	199.6178	96.13	99.1957	45.4148
Phel_clc_contig_16775	11.7931	13.3004	9.8577	2.913	0	0
Phel_clc_contig_12675	30.7932	39.1483	32.0374	14.5651	5.6683	5.9237
Phel_clc_contig_6820	157.897	219.2056	149.0972	64.0866	18.4221	21.7201
Phel_clc_contig_12119	142.828	220.2094	167.5804	58.2606	28.3416	25.6693
Phel_clc_contig_12713	325.6215	472.666	389.3779	125.2603	32.5929	82.9314
Phel_clc_contig_12805	93.6899	134.5097	114.5954	49.5215	34.01	55.2876
Phel_clc_contig_4407	172.3108	245.8064	216.8687	93.2169	63.7687	90.8297
Phel_clc_contig_1757	452.0701	721.3583	575.4413	125.2603	72.2711	128.3463
Phel_clc_contig_4576	72.7243	110.5439	92.4156	17.4782	14.1708	23.6947
Phel_clc_contig_22211	18.3449	25.4715	18.4831	2.913	0	1.9746
Phel_clc_contig_19889	30.7932	41.9088	34.5018	2.913	0	3.9491
Phel_clc_contig_7983	191.966	216.947	192.2245	84.4778	76.5224	88.8551
Phel_clc_contig_8635	60.276	75.6617	61.6104	0	0	11.8473
Phel_clc_contig_11488	218.173	330.0004	235.3518	64.0866	68.0199	23.6947
Phel_clc_contig_20320	69.4485	95.6123	71.4681	17.4782	22.6733	13.8219
Phel_clc_contig_20161	211.6212	318.8331	202.0822	11.6521	7.0854	21.7201
Phel_clc_contig_8808	298.7594	433.3922	321.6064	81.5648	97.7786	94.7788
Phel_clc_contig_25452	87.7933	97.7454	64.0748	0	17.005	1.9746
Phel_clc_contig_4927	837.9677	903.4231	760.2726	334.9984	379.7778	341.5985
Phel_clc_contig_8892	418.0011	511.5633	351.1794	34.9563	62.3516	35.542
Phel_clc_contig_27834	9.1724	12.5475	9.8577	0	1.4171	0
Phel_clc_contig_8352	323.0008	377.6811	319.142	96.13	128.9544	114.5244
Phel_clc_contig_12310	390.4838	448.8256	225.4942	119.4342	19.8391	88.8551
Phel_clc_contig_15824	54.3795	55.0837	29.573	17.4782	2.8342	13.8219
Phel_clc_contig_16508	32.1035	40.0267	18.4831	11.6521	4.2512	5.9237
Phel_clc_contig_10161	106.1382	116.8176	27.1086	5.8261	4.2512	25.6693
Phel_clc_contig_13198	275.1731	290.4756	94.8801	5.8261	25.5075	39.4912
Phel_clc_contig_27525	16.3794	20.7034	8.6255	0	0	1.9746
Phel_clc_contig_23205	26.207	28.6084	11.0899	0	0	3.9491
Phel_clc_contig_3860	352.4837	384.3312	231.6552	116.5212	128.9544	150.0664
Phel_clc_contig_10959	43.8967	60.2282	20.9475	11.6521	7.0854	5.9237
Phel_clc_contig_22898	58.9657	70.1408	17.2509	5.8261	1.4171	1.9746
Phel_clc_contig_439	6714.2241	7879.606	4185.8125	2531.4224	3028.303	3015.1497
Phel_clc_contig_24134	19.6552	22.962	9.8577	2.913	2.8342	1.9746
Phel_clc_contig_9206	300.7249	365.5099	192.2245	110.6951	103.4469	100.7024
Phel_clc_contig_11948	96.9658	97.2435	61.6104	20.3912	26.9245	23.6947
Phel_clc_contig_2278	1854.7979	2001.5841	1198.9388	367.0417	603.6767	313.9547
Phel_clc_contig_1739	1620.9008	1814.2493	1122.542	233.0423	233.8184	104.6516
Phel_clc_contig_7353	69.4485	88.4602	56.6816	23.3042	31.1758	23.6947
Phel_clc_contig_9504	244.3799	298.506	172.5092	81.5648	123.2861	78.9823
Phel_clc_contig_12233	38.0001	44.9202	28.3408	11.6521	7.0854	7.8982
Phel_clc_contig_19007	51.7588	69.2624	33.2696	8.7391	0	1.9746
Phel_clc_contig_15233	110.7244	166.004	91.1834	14.5651	5.6683	9.8728
Phel_clc_contig_5495	169.6901	232.7569	140.4718	99.043	51.0149	55.2876
Phel_clc_contig_25377	13.7587	21.4563	8.6255	2.913	1.4171	0
Phel_clc_contig_8012	145.4487	197.8748	110.8988	75.7388	63.7687	47.3894
Phel_clc_contig_9976	79.2761	117.9469	64.0748	32.0433	21.2562	21.7201
Phel_clc_contig_12383	48.4829	79.175	28.3408	2.913	4.2512	0
Phel_clc_contig_5999	19	31.8708	12.3221	0	0	0
Phel_clc_contig_3853	367.5527	540.7991	243.9773	55.3476	79.3566	84.906
Phel_clc_contig_27302	11.138	20.578	8.6255	0	0	1.9746
Phel_clc_contig_6367	218.173	338.5327	170.0448	29.1303	21.2562	45.4148
Phel_clc_contig_6205	257.4834	345.5593	211.9399	101.956	137.4569	136.2445
Phel_clc_contig_11679	39.3104	256.4718	71.4681	29.1303	18.4221	19.7456
Phel_clc_contig_23311	2.6207	23.9658	7.3933	0	0	0
Phel_clc_contig_24621	7.2069	74.7834	25.8764	2.913	2.8342	3.9491
Phel_clc_contig_13317	20.9656	53.0761	16.0187	2.913	1.4171	5.9237
Phel_clc_contig_11764	70.1036	169.0154	62.8426	8.7391	19.8391	19.7456
Phel_clc_contig_19540	50.4484	132.753	43.1273	8.7391	11.3367	11.8473
Phel_clc_contig_25692	16.3794	33.6274	12.3221	2.913	2.8342	3.9491
Phel_clc_contig_15504	9.8276	25.0951	4.9288	0	0	0
Phel_clc_contig_6250	508.4151	1085.2371	426.3441	244.6944	196.9743	191.5321
Phel_clc_contig_13540	7.8621	18.1939	7.3933	0	0	0
Phel_clc_contig_7273	205.7247	401.2704	203.3144	99.043	85.0249	94.7788
Phel_clc_contig_744	1979.9362	3536.3997	1483.5791	1060.3427	766.6411	673.3242
Phel_clc_contig_3984	42.5863	133.3804	59.146	11.6521	4.2512	13.8219
Phel_clc_contig_14226	81.2416	226.8596	59.146	17.4782	35.427	13.8219
Phel_clc_contig_17449	261.4145	654.8563	123.2208	14.5651	96.3615	57.2622
Phel_clc_contig_10256	27.5173	106.9051	14.7865	11.6521	8.5025	5.9237
Phel_clc_contig_15446	17.0345	82.8138	11.0899	5.8261	7.0854	1.9746
Phel_clc_contig_2588	1127.5547	3878.4456	616.1042	690.3879	313.175	236.9469
Phel_clc_contig_6884	366.2423	1249.1079	138.0074	46.6085	19.8391	37.5166
Phel_clc_contig_17485	24.2414	68.5096	16.0187	11.6521	2.8342	3.9491
Phel_clc_contig_5797	807.8297	2059.1772	444.8273	369.9547	284.8334	120.448
Phel_clc_contig_6569	144.1383	327.2399	38.1985	52.4345	14.1708	17.771
Phel_clc_contig_7201	256.8282	583.0844	51.7528	34.9563	80.7736	27.6438
Phel_clc_contig_14757	225.3799	308.6696	93.6479	66.9997	77.9395	31.5929
Phel_clc_contig_23008	38.6553	52.5742	8.6255	8.7391	0	1.9746
Phel_clc_contig_4501	349.2078	524.8637	65.3071	55.3476	46.7637	77.0078
Phel_clc_contig_21534	59.6208	102.6389	18.4831	8.7391	14.1708	15.7965
Phel_clc_contig_22269	18.3449	35.3841	3.6966	0	0	0
Phel_clc_contig_3210	560.829	1023.5031	264.9248	148.5645	162.9644	161.9137
Phel_clc_contig_19570	27.5173	51.0685	13.5543	0	4.2512	5.9237
Phel_clc_contig_7186	51.1036	88.8366	30.8052	8.7391	11.3367	17.771
Phel_clc_contig_1157	185.4143	207.5364	226.7264	61.1736	52.432	110.5752
Phel_clc_contig_18553	80.5864	90.2168	113.3632	23.3042	32.5929	47.3894
Phel_clc_contig_18875	38.0001	44.1674	60.3782	0	4.2512	15.7965
Phel_clc_contig_15637	64.2071	66.0001	66.5393	14.5651	17.005	29.6184
Phel_clc_contig_16885	117.9313	127.3576	121.9886	37.8694	38.2612	53.3131
Phel_clc_contig_10111	113.3451	101.886	126.9175	61.1736	31.1758	43.4403
Phel_clc_contig_12343	598.8292	642.1832	809.561	241.7814	79.3566	205.354
Phel_clc_contig_13361	68.7933	70.7681	88.719	23.3042	2.8342	9.8728
Phel_clc_contig_11435	123.8279	92.6009	115.8276	40.7824	9.9196	33.5675
Phel_clc_contig_12112	314.4836	229.1181	287.1046	116.5212	58.1003	59.2367
Phel_clc_contig_1717	68.1381	61.7339	66.5393	34.9563	17.005	27.6438
Phel_clc_contig_2244	95.6554	92.2244	97.3445	49.5215	24.0904	33.5675
Phel_clc_contig_3233	5621.394	4858.1577	4890.6357	2015.8162	1088.3185	1267.6661
Phel_clc_contig_1376	1367.3484	1320.8799	1333.2496	445.6935	311.7579	363.3186
Phel_clc_contig_5609	327.5871	321.3426	335.1607	101.956	69.437	96.7533
Phel_clc_contig_1719	254.8627	258.103	263.6926	90.3039	35.427	33.5675
Phel_clc_contig_5866	3218.2153	3102.0037	3557.386	1028.2993	562.5813	537.0797
Phel_clc_contig_13129	116.621	94.8594	120.7564	40.7824	60.9345	45.4148
Phel_clc_contig_14850	313.1732	194.236	324.0708	49.5215	92.1103	43.4403
Phel_clc_contig_25210	74.6898	36.5134	72.7003	2.913	14.1708	3.9491
Phel_clc_contig_14132	337.4147	308.9205	373.3592	177.6948	171.4669	128.3463
Phel_clc_contig_20614	68.7933	70.0153	102.2733	2.913	21.2562	3.9491
Phel_clc_contig_89	3509.1125	3308.5361	3903.6365	1823.5563	2248.9082	1935.0667
Phel_clc_contig_7895	179.5177	181.8139	219.3331	26.2173	69.437	11.8473
Phel_clc_contig_10160	239.7937	206.4071	259.996	99.043	51.0149	120.448
Phel_clc_contig_10792	45.207	41.7833	48.0561	11.6521	4.2512	15.7965
Phel_clc_contig_12512	110.0693	114.1826	131.8463	26.2173	0	27.6438
Phel_clc_contig_13033	718.726	548.3276	704.8232	163.1296	158.7131	333.7003
Phel_clc_contig_18084	108.7589	87.0799	126.9175	8.7391	8.5025	29.6184
Phel_clc_contig_353	520.8634	489.3542	591.4601	230.1293	204.0597	292.2346
Phel_clc_contig_7382	225.3799	189.7189	246.4417	61.1736	49.5979	108.6007
Phel_clc_contig_2296	311.2077	321.719	378.288	99.043	111.9494	124.3971
Phel_clc_contig_12053	213.5868	203.5211	243.9773	20.3912	14.1708	21.7201
Phel_clc_contig_8679	618.4844	606.9247	727.0031	104.869	144.5423	134.2699
Phel_clc_contig_24694	43.2415	43.6655	65.3071	2.913	4.2512	0
Phel_clc_contig_17979	46.5174	37.8936	56.6816	2.913	5.6683	9.8728
Phel_clc_contig_4963	651.8983	576.1832	821.8831	122.3472	134.6227	173.7611
Phel_clc_contig_3737	943.4507	842.8185	1153.3472	131.0863	102.0299	155.9901
Phel_clc_contig_1314	319.0698	272.0307	396.7711	29.1303	48.1808	29.6184
Phel_clc_contig_3237	3245.0774	2886.3113	4084.7712	748.6485	916.8517	726.6373
Phel_clc_contig_5338	2679.0068	2104.5994	3419.3787	291.3029	368.4412	296.1837
Phel_clc_contig_8274	680.0707	638.0425	847.7595	215.5642	289.0846	276.4381
Phel_clc_contig_10050	422.5873	387.2172	457.1494	128.1733	110.5323	155.9901
Phel_clc_contig_1197	6498.0166	5560.1929	6805.4878	1564.2966	2017.924	2547.1794
Phel_clc_contig_6574	927.0714	784.8488	991.9279	247.6075	247.9892	333.7003
Phel_clc_contig_6393	747.5536	629.1338	782.4524	300.042	330.18	329.7512
Phel_clc_contig_657	1948.4878	1543.8497	2129.2563	227.2163	392.5316	361.3441
Phel_clc_contig_10654	330.2078	277.3007	358.5727	81.5648	26.9245	67.135
Phel_clc_contig_7205	452.0701	409.0499	453.4527	189.3469	184.2206	187.583
Phel_clc_contig_8035	1612.3835	1266.9254	1564.9048	230.1293	133.2057	284.3363
Phel_clc_contig_11219	78.6209	48.4335	77.6291	29.1303	17.005	17.771
Phel_clc_contig_3062	547.7256	337.9053	580.3702	180.6078	86.442	163.8883
Phel_clc_contig_12736	469.7598	304.2779	465.7748	104.869	109.1153	94.7788
Phel_clc_contig_562	290.2421	213.8101	296.9622	52.4345	42.5124	21.7201
Phel_clc_contig_21585	55.0346	35.0076	62.8426	8.7391	1.4171	5.9237
Phel_clc_contig_4428	4986.5303	3560.1145	5819.7207	1366.2107	709.9578	922.1185
Phel_clc_contig_3383	269.2766	222.8444	322.8386	78.6518	51.0149	78.9823
Phel_clc_contig_20794	190.6557	138.6503	218.1009	34.9563	32.5929	45.4148
Phel_clc_contig_7093	313.1732	200.0078	346.2506	17.4782	28.3416	55.2876
Phel_clc_contig_12972	312.518	273.6619	338.8573	52.4345	126.1202	150.0664
Phel_clc_contig_12409	200.4833	158.2245	211.9399	29.1303	65.1857	69.1095
Phel_clc_contig_14912	533.9669	416.3275	593.9245	139.8254	208.311	246.8197
Phel_clc_contig_768	153.9659	121.9621	171.277	46.6085	63.7687	73.0586
Phel_clc_contig_12278	524.1393	442.1754	730.6996	93.2169	124.7032	161.9137
Phel_clc_contig_8498	199.8281	166.6314	262.4604	43.6954	65.1857	86.8805
Phel_clc_contig_9745	32.1035	29.7377	44.3595	2.913	12.7537	11.8473
Phel_clc_contig_11243	161.1728	111.7986	187.2957	43.6954	53.8491	77.0078
Phel_clc_contig_3087	306.6215	209.7949	316.6776	104.869	114.7836	157.9646
Phel_clc_contig_386	169.0349	115.9393	192.2245	49.5215	41.0954	84.906
Phel_clc_contig_17830	170.3453	115.8138	190.9923	43.6954	59.5174	67.135
Phel_clc_contig_4792	1324.1069	789.7424	1404.7177	297.129	446.3806	442.3009
Phel_clc_contig_17408	178.2074	100.0039	223.0297	43.6954	24.0904	37.5166
Phel_clc_contig_2720	269.2766	188.8405	370.8948	72.8257	46.7637	86.8805
Phel_clc_contig_9225	575.8981	446.3161	751.6472	291.3029	259.3259	298.1582
Phel_clc_contig_999	5867.7393	4359.1421	6679.8022	3382.0269	2348.104	1727.738
Phel_clc_contig_16810	209.6557	215.1904	189.7601	55.3476	121.869	90.8297
Phel_clc_contig_13732	97.6209	106.7796	98.5767	2.913	36.8441	29.6184
Phel_clc_contig_3474	1170.7961	1245.8456	1218.6542	515.6061	702.8724	653.5786
Phel_clc_contig_10438	181.4832	195.8671	174.9736	81.5648	106.2811	63.1858
Phel_clc_contig_12582	178.2074	171.274	166.3481	26.2173	58.1003	19.7456
Phel_clc_contig_17511	290.2421	301.7684	267.3893	40.7824	96.3615	41.4657
Phel_clc_contig_2661	4363.4595	4238.0581	4050.2693	1299.2109	2207.8127	1113.6506
Phel_clc_contig_23300	19.6552	22.3346	22.1798	0	4.2512	0
Phel_clc_contig_13447	51.7588	48.0571	48.0561	8.7391	24.0904	11.8473
Phel_clc_contig_15229	125.1383	110.5439	117.0598	34.9563	62.3516	43.4403
Phel_clc_contig_24878	34.0691	31.7453	32.0374	5.8261	12.7537	7.8982
Phel_clc_contig_18839	37.3449	33.5019	35.734	8.7391	12.7537	9.8728
Phel_clc_contig_8176	1174.7272	1046.2141	1107.7555	139.8254	277.748	140.1936
Phel_clc_contig_13113	109.4141	75.2853	64.0748	20.3912	18.4221	35.542
Phel_clc_contig_17462	75.345	43.1635	46.8239	11.6521	5.6683	17.771
Phel_clc_contig_2563	642.0706	466.8941	469.4714	235.9554	245.1551	280.3872
Phel_clc_contig_1754	233.8972	176.6694	149.0972	58.2606	21.2562	43.4403
Phel_clc_contig_11508	464.5184	366.6392	276.0147	113.6081	38.2612	144.1427
Phel_clc_contig_3651	302.6904	225.3539	176.2058	72.8257	34.01	106.6261
Phel_clc_contig_3484	239.7937	172.0268	192.2245	40.7824	15.5879	98.7279
Phel_clc_contig_1499	3356.457	2972.8894	2359.6792	1287.5588	888.5101	667.4005
Phel_clc_contig_16745	20.9656	19.1977	13.5543	2.913	0	0
Phel_clc_contig_145	35212.9883	32966.1602	29540.9668	15037.0566	13893.0664	10840.3223
Phel_clc_contig_512	7588.2266	6791.4834	5887.4922	2703.291	2710.8767	1901.4991
Phel_clc_contig_12365	72.0692	51.3195	36.9663	0	0	0
Phel_clc_contig_2786	3426.5605	2802.2429	2008.4999	265.0857	308.9237	562.749
Phel_clc_contig_15084	322.3457	266.0079	221.7975	29.1303	53.8491	82.9314
Phel_clc_contig_17182	169.6901	138.3994	112.131	5.8261	7.0854	19.7456
Phel_clc_contig_22783	182.1384	138.2739	119.5242	0	2.8342	7.8982
Phel_clc_contig_655	796.0366	667.1529	625.9619	294.2159	361.3558	353.4458
Phel_clc_contig_17176	172.966	158.4755	124.4531	32.0433	22.6733	39.4912
Phel_clc_contig_5294	1606.4869	1515.4923	1275.3358	535.9974	514.4006	691.0952
Phel_clc_contig_4177	575.8981	543.1832	476.8647	209.7381	213.9793	300.1328
Phel_clc_contig_4935	362.3113	371.2818	259.996	64.0866	87.859	120.448
Phel_clc_contig_4975	206.3798	203.2702	168.8126	49.5215	76.5224	82.9314
Phel_clc_contig_19722	263.38	243.7988	220.5653	26.2173	68.0199	49.3639
Phel_clc_contig_20352	147.4142	137.0192	131.8463	20.3912	36.8441	33.5675
Phel_clc_contig_27580	16.3794	16.4373	14.7865	0	1.4171	1.9746
Phel_clc_contig_5925	283.6904	273.9129	250.1383	128.1733	138.874	140.1936
Phel_clc_contig_9439	761.3123	713.3278	688.8046	101.956	114.7836	82.9314
Phel_clc_contig_3095	316.4491	307.6658	255.0672	122.3472	130.3715	126.3717
Phel_clc_contig_6655	590.3119	612.6965	420.1831	14.5651	21.2562	37.5166
Phel_clc_contig_17308	61.5864	58.9735	48.0561	14.5651	9.9196	9.8728
Phel_clc_contig_5839	955.2438	898.4041	740.5573	107.7821	96.3615	102.677
Phel_clc_contig_9499	752.795	649.3353	570.5125	46.6085	19.8391	5.9237
Phel_clc_contig_14944	39.3104	38.0191	32.0374	11.6521	2.8342	11.8473
Phel_clc_contig_8821	526.76	468.1488	454.6849	235.9554	178.5523	244.8452
Phel_clc_contig_10626	446.1736	395.7495	421.4153	154.3905	233.8184	227.0741
Phel_clc_contig_1539	402.2769	283.449	333.9285	52.4345	110.5323	161.9137
Phel_clc_contig_21725	70.7588	51.4449	64.0748	8.7391	17.005	27.6438
Phel_clc_contig_7401	415.3804	291.6049	370.8948	99.043	154.4619	169.812
Phel_clc_contig_14430	238.4834	185.9546	184.8313	43.6954	80.7736	47.3894
Phel_clc_contig_15097	275.8283	206.2816	214.4043	52.4345	113.3665	75.0332
Phel_clc_contig_13974	902.1747	592.6205	547.1006	66.9997	97.7786	63.1858
Phel_clc_contig_2093	1031.244	784.5978	858.8493	515.6061	463.3856	477.843
Phel_clc_contig_3697	4408.0112	2914.6687	3288.7644	751.5615	598.0084	750.332
Phel_clc_contig_17140	68.7933	50.3156	51.7528	20.3912	15.5879	17.771
Phel_clc_contig_8381	2009.4189	1381.359	1373.9125	308.7811	280.5821	236.9469
Phel_clc_contig_4325	552.9669	360.6164	385.6813	107.7821	86.442	45.4148
Phel_clc_contig_10349	651.8983	380.567	536.0107	66.9997	93.5274	63.1858
Phel_clc_contig_2408	729.864	467.0196	528.6174	101.956	133.2057	112.5498
Phel_clc_contig_7999	981.4508	651.9703	754.1116	55.3476	94.9445	45.4148
Phel_clc_contig_8285	155.2763	105.3994	125.6853	34.9563	46.7637	33.5675
Phel_clc_contig_12792	60.9312	49.6883	54.2172	11.6521	15.5879	15.7965
Phel_clc_contig_2528	417.3459	334.392	362.2693	55.3476	51.0149	77.0078
Phel_clc_contig_4994	902.8299	774.6853	814.4898	276.7378	284.8334	365.2932
Phel_clc_contig_7747	311.2077	247.1866	250.1383	8.7391	29.7587	35.542
Phel_clc_contig_9238	710.8639	580.3239	565.5837	128.1733	134.6227	157.9646
Phel_clc_contig_8752	380.001	289.9737	293.2656	58.2606	80.7736	110.5752
Phel_clc_contig_5143	1219.9342	906.1835	1023.9653	471.9107	408.1194	519.3087
Phel_clc_contig_5942	346.5871	258.4794	303.1233	64.0866	66.6028	86.8805
Phel_clc_contig_6709	304.656	235.3919	267.3893	122.3472	127.5373	142.1682
Phel_clc_contig_12417	526.1048	58.4715	310.5165	81.5648	35.427	41.4657
Phel_clc_contig_10803	203.104	111.6731	179.9024	61.1736	36.8441	78.9823
Phel_clc_contig_4105	1460.3831	891.001	1308.6055	565.1276	484.6418	410.708
Phel_clc_contig_5324	1465.6245	958.8832	1234.673	687.4749	590.923	570.6472
Phel_clc_contig_29720	15.069	3.7643	9.8577	0	0	0
Phel_clc_contig_3158	148.7245	77.6693	115.8276	26.2173	36.8441	29.6184
Phel_clc_contig_9166	855.6574	476.4302	661.696	224.3032	172.8839	248.7943
Phel_clc_contig_12811	12.4483	35.2586	39.4307	0	7.0854	0
Phel_clc_contig_25090	4.5862	16.8137	14.7865	0	1.4171	0
Phel_clc_contig_2074	136.2762	409.6773	431.273	104.869	73.6882	84.906
Phel_clc_contig_21596	36.6898	33.7529	59.146	2.913	18.4221	9.8728
Phel_clc_contig_11604	104.8279	86.829	157.7227	23.3042	46.7637	55.2876
Phel_clc_contig_3930	172.966	167.2587	277.2469	52.4345	72.2711	112.5498
Phel_clc_contig_12498	158.5521	151.0724	223.0297	72.8257	46.7637	75.0332
Phel_clc_contig_15642	319.0698	279.3083	518.7598	90.3039	63.7687	84.906
Phel_clc_contig_9087	556.898	471.0348	800.9355	200.999	145.9594	221.1505
Phel_clc_contig_28718	9.1724	9.7871	16.0187	0	0	1.9746
Phel_clc_contig_1828	865.485	864.2748	1223.583	390.3459	442.1294	440.3264
Phel_clc_contig_9874	708.2432	687.9818	1136.0962	230.1293	267.8284	262.6162
Phel_clc_contig_11579	373.4492	357.4795	566.8159	230.1293	174.301	215.2268
Phel_clc_contig_17926	17.0345	19.4487	40.6629	2.913	0	1.9746
Phel_clc_contig_7564	47.8277	47.9316	94.8801	11.6521	5.6683	23.6947
Phel_clc_contig_8096	114.6555	114.1826	225.4942	14.5651	0	31.5929
Phel_clc_contig_12743	85.8278	109.4146	131.8463	49.5215	26.9245	51.3385
Phel_clc_contig_13620	37.3449	47.1788	66.5393	23.3042	12.7537	13.8219
Phel_clc_contig_4830	57.6553	70.7681	98.5767	34.9563	12.7537	21.7201
Phel_clc_contig_3342	3967.7344	5479.7632	6401.3232	2837.2903	1765.6835	1484.8674
Phel_clc_contig_17646	293.518	432.3883	867.4748	46.6085	141.7081	63.1858
Phel_clc_contig_13176	1041.0717	1787.5229	3131.0417	131.0863	65.1857	110.5752
Phel_clc_contig_6154	177.5522	266.5098	349.9472	116.5212	96.3615	128.3463
Phel_clc_contig_5425	1497.0729	2389.0522	3355.3037	300.042	262.1601	155.9901
Phel_clc_contig_9571	103.5175	237.9014	349.9472	99.043	41.0954	23.6947
Phel_clc_contig_18268	72.7243	63.4906	198.3856	20.3912	34.01	13.8219
Phel_clc_contig_3867	310.5525	277.6771	582.8347	139.8254	121.869	114.5244
Phel_clc_contig_570	10882.4424	7067.9058	30253.1836	2024.5553	882.8417	681.2224
Phel_clc_contig_714	13445.4834	11458.291	34802.4961	4419.0654	1385.9056	1935.0667
Phel_clc_contig_5527	57.0001	102.8899	447.2917	11.6521	2.8342	27.6438
Phel_clc_contig_7739	1830.5565	2117.6489	9900.7949	419.4762	330.18	114.5244
Phel_clc_contig_1244	41.276	17.1901	3.6966	375.7808	49.5979	88.8551
Phel_clc_contig_1291	169.0349	104.0191	94.8801	2878.0728	464.8027	635.8076
Phel_clc_contig_188	189.3453	218.7037	182.3669	2181.8589	435.044	620.0112
Phel_clc_contig_10096	32.7587	76.54	36.9663	436.9544	89.2761	132.2954
Phel_clc_contig_13975	12.4483	24.8441	14.7865	151.4775	31.1758	43.4403
Phel_clc_contig_12562	9.8276	45.5476	33.2696	270.9117	66.6028	78.9823
Phel_clc_contig_3450	51.7588	203.3957	146.6328	1127.3423	263.5771	323.8275
Phel_clc_contig_13040	10.4828	17.692	7.3933	107.7821	34.01	33.5675
Phel_clc_contig_3395	47.1725	82.4374	29.573	492.3019	140.2911	136.2445
Phel_clc_contig_15442	5.2414	12.1711	1.2322	93.2169	22.6733	27.6438
Phel_clc_contig_2449	56.345	82.6883	33.2696	521.4322	138.874	173.7611
Phel_clc_contig_6649	3.931	11.5437	2.4644	166.0427	29.7587	45.4148
Phel_clc_contig_10261	13.1035	25.0951	9.8577	241.7814	26.9245	82.9314
Phel_clc_contig_2843	32.7587	55.7111	24.6442	291.3029	65.1857	110.5752
Phel_clc_contig_129	2160.7642	1278.5946	1293.819	12590.1123	2292.8376	5139.7739
Phel_clc_contig_7497	0	2.2586	0	61.1736	1.4171	23.6947
Phel_clc_contig_1621	2665.2483	2288.9229	2697.3044	9076.999	4401.4551	4958.1147
Phel_clc_contig_15160	0	0.1255	0	23.3042	5.6683	9.8728
Phel_clc_contig_1748	28.1725	7.654	13.5543	1532.2533	348.602	623.9603
Phel_clc_contig_15246	1.9655	5.5209	6.161	81.5648	25.5075	37.5166
Phel_clc_contig_3848	189.3453	210.1713	279.7113	1299.2109	487.476	639.7567
Phel_clc_contig_1067	7.8621	24.0913	6.161	168.9557	39.6783	75.0332
Phel_clc_contig_13229	0	3.6388	1.2322	34.9563	9.9196	15.7965
Phel_clc_contig_17294	5.2414	11.9202	7.3933	84.4778	32.5929	41.4657
Phel_clc_contig_13004	12.4483	17.5666	9.8577	69.9127	32.5929	37.5166
Phel_clc_contig_6210	142.1728	185.5782	121.9886	509.7801	256.4917	311.9801
Phel_clc_contig_1729	41.276	107.6579	41.8951	518.5192	195.5572	229.0487
Phel_clc_contig_9743	20.3104	41.7833	19.7153	166.0427	63.7687	77.0078
Phel_clc_contig_10674	16.3794	17.3156	6.161	198.086	73.6882	73.0586
Phel_clc_contig_4987	25.5518	51.194	23.412	550.5625	209.728	197.4558
Phel_clc_contig_14379	0	4.0152	1.2322	125.2603	43.9295	45.4148
Phel_clc_contig_15496	0	1.1293	0	32.0433	11.3367	11.8473
Phel_clc_contig_3007	68.7933	116.5667	99.8089	748.6485	330.18	333.7003
Phel_clc_contig_3167	207.6902	270.0231	269.8537	1596.34	668.8624	746.3829
Phel_clc_contig_1675	182.7936	149.8177	146.6328	1826.4692	722.7115	770.0775
Phel_clc_contig_5542	3.931	0.5019	3.6966	320.4332	107.6982	110.5752
Phel_clc_contig_2132	95.6554	121.5857	98.5767	1584.6879	544.1592	505.4868
Phel_clc_contig_9315	35.3794	34.6312	34.5018	407.8241	151.6277	132.2954
Phel_clc_contig_625	431.1046	499.6432	528.6174	2787.7688	1278.2074	1228.1749
Phel_clc_contig_7258	51.7588	67.5058	67.7715	512.6931	209.728	195.4812
Phel_clc_contig_11874	0	0.251	0	52.4345	11.3367	17.771
Phel_clc_contig_2327	83.2071	112.9279	101.0411	678.7358	225.3159	286.3109
Phel_clc_contig_282	52.4139	68.2586	261.2282	17143.1758	4255.4956	5127.9268
Phel_clc_contig_3713	65.5174	78.2967	43.1273	707.8661	229.5672	268.5399
Phel_clc_contig_4663	26.8621	51.3195	25.8764	550.5625	161.5473	171.7865
Phel_clc_contig_6226	123.1727	150.696	124.4531	687.4749	280.5821	290.26
Phel_clc_contig_4364	11.7931	27.3536	22.1798	192.2599	65.1857	75.0332
Phel_clc_contig_1300	437.0011	547.0729	564.3515	2942.1594	1200.2679	1087.9813
Phel_clc_contig_13906	7.2069	16.4373	24.6442	326.2593	97.7786	82.9314
Phel_clc_contig_3928	17.0345	36.2624	39.4307	579.6928	160.1302	150.0664
Phel_clc_contig_3591	59.6208	62.7377	97.3445	649.6055	236.6526	229.0487
Phel_clc_contig_831	180.1729	240.2854	552.0294	4643.3687	1408.579	1332.8265
Phel_clc_contig_2389	15.7242	8.7833	65.3071	905.9521	240.9038	187.583
Phel_clc_contig_9286	16.3794	17.0647	25.8764	131.0863	43.9295	41.4657
Phel_clc_contig_1874	851.7263	787.1074	656.7672	5531.8423	2254.5764	1733.6617
Phel_clc_contig_4360	72.0692	111.9241	76.3969	1272.9938	415.2049	335.6748
Phel_clc_contig_632	6.5517	9.4107	3.6966	3644.1995	1082.6501	807.5941
Phel_clc_contig_2030	150.0349	150.9469	121.9886	1322.5153	453.4661	428.479
Phel_clc_contig_7129	7.8621	2.8859	6.161	442.7804	109.1153	102.677
Phel_clc_contig_10101	0	0	0	43.6954	5.6683	0
Phel_clc_contig_16985	0	0	1.2322	75.7388	9.9196	5.9237
Phel_clc_contig_4914	4.5862	11.5437	16.0187	267.9987	46.7637	21.7201
Phel_clc_contig_10685	0	0.3764	0	81.5648	15.5879	0
Phel_clc_contig_1992	7.8621	13.8023	16.0187	235.9554	55.2662	11.8473
Phel_clc_contig_5816	3.931	11.9202	4.9288	203.912	45.3466	9.8728
Phel_clc_contig_25	0	1.7567	4.9288	233.0423	55.2662	11.8473
Phel_clc_contig_6080	0.6552	3.6388	1.2322	166.0427	43.9295	7.8982
Phel_clc_contig_276	2164.04	2199.7097	5740.8594	59224.7969	19086.6699	10785.0352
Phel_clc_contig_1508	89.7589	73.1522	218.1009	6123.187	1516.2771	987.2789
Phel_clc_contig_1716	52.4139	28.232	57.9138	914.6912	243.738	193.5067
Phel_clc_contig_39	84.5175	92.3499	92.4156	1715.7742	529.9885	298.1582
Phel_clc_contig_9736	0	0.3764	0	87.3909	22.6733	11.8473
Phel_clc_contig_1074	980.7957	925.3813	1033.823	4946.3232	2285.7522	1502.6384
Phel_clc_contig_106	191.3108	165.5021	304.3555	6146.4917	1949.9041	910.2711
Phel_clc_contig_2691	0	0	0	46.6085	14.1708	5.9237
Phel_clc_contig_433	1.3103	5.5209	3.6966	12059.9404	3680.1604	1565.8243
Phel_clc_contig_193	47.1725	120.08	66.5393	4279.2397	1499.2721	487.7158
Phel_clc_contig_2796	5.2414	13.5513	8.6255	361.2156	114.7836	33.5675
Phel_clc_contig_2593	28.8277	49.6883	48.0561	1707.035	544.1592	189.5575
Phel_clc_contig_913	0	5.6464	7.3933	1666.2527	484.6418	171.7865
Phel_clc_contig_1365	134.9659	245.9318	157.7227	2406.1621	700.0382	333.7003
Phel_clc_contig_14220	0	1.5057	0	52.4345	12.7537	5.9237
Phel_clc_contig_765	36.6898	85.8252	44.3595	1031.2123	317.4262	154.0155
Phel_clc_contig_5341	37.3449	47.9316	22.1798	495.215	147.3765	77.0078
Phel_clc_contig_697	60.9312	101.886	40.6629	806.9091	247.9892	132.2954
Phel_clc_contig_5167	62.8967	56.3385	39.4307	422.3892	154.4619	82.9314
Phel_clc_contig_904	40.6208	57.5932	14.7865	664.1707	211.1451	92.8042
Phel_clc_contig_6038	13.7587	40.7795	12.3221	250.5205	83.6078	31.5929
Phel_clc_contig_1060	18.3449	20.578	22.1798	2007.077	382.612	375.166
Phel_clc_contig_1261	82.5519	199.1295	125.6853	3626.7212	775.1436	623.9603
Phel_clc_contig_17964	0	1.2548	0	40.7824	8.5025	5.9237
Phel_clc_contig_2191	15.7242	40.7795	16.0187	1267.1677	263.5771	191.5321
Phel_clc_contig_3462	14.4138	49.9392	24.6442	568.0407	131.7886	116.4989
Phel_clc_contig_2885	54.3795	143.042	40.6629	1686.6439	435.044	276.4381
Phel_clc_contig_4793	20.3104	56.9658	54.2172	530.1713	143.1252	106.6261
Phel_clc_contig_17045	0	1.6312	0	40.7824	4.2512	3.9491
Phel_clc_contig_7179	22.9311	45.6731	28.3408	436.9544	69.437	71.0841
Phel_clc_contig_3349	2.6207	9.2852	6.161	81.5648	17.005	15.7965
Phel_clc_contig_6497	22.9311	53.7035	39.4307	521.4322	109.1153	98.7279
Phel_clc_contig_6291	0	2.0076	1.2322	34.9563	5.6683	5.9237
Phel_clc_contig_4397	48.4829	114.0572	30.8052	655.4316	216.8135	154.0155
Phel_clc_contig_3656	63.5519	196.9964	61.6104	1316.6892	327.3458	274.4635
Phel_clc_contig_4330	72.0692	188.715	52.985	1444.8624	362.7728	225.0996
Phel_clc_contig_8929	20.3104	40.1521	17.2509	270.9117	70.8541	47.3894
Phel_clc_contig_94	39.3104	96.2397	46.8239	573.8668	167.2156	94.7788
Phel_clc_contig_7404	9.1724	31.8708	19.7153	221.3902	68.0199	41.4657
Phel_clc_contig_10279	14.4138	5.019	34.5018	200.999	70.8541	51.3385
Phel_clc_contig_74	17571.1152	14219.7539	30258.1113	129586.1016	61226.418	44036.5898
Phel_clc_contig_8899	92.3795	59.9773	85.0224	378.6938	174.301	130.3208
Phel_clc_contig_1085	75.345	76.4145	52.985	323.3462	205.4768	154.0155
Phel_clc_contig_10262	26.8621	42.5362	14.7865	171.8687	110.5323	77.0078
Phel_clc_contig_120	5.8966	32.6236	13.5543	250.5205	165.7985	98.7279
Phel_clc_contig_12352	5.8966	12.2966	2.4644	78.6518	51.0149	29.6184
Phel_clc_contig_6577	184.7591	223.7227	171.277	702.04	507.3152	373.1914
Phel_clc_contig_641	303.3456	282.0688	211.9399	923.4302	681.6161	519.3087
Phel_clc_contig_6653	58.3105	45.5476	28.3408	238.8684	170.0498	122.4226
Phel_clc_contig_12357	25.5518	25.8479	36.9663	168.9557	109.1153	73.0586
Phel_clc_contig_2258	325.6215	282.4452	326.5352	838.9524	609.345	493.6394
Phel_clc_contig_12933	9.1724	22.3346	14.7865	238.8684	133.2057	86.8805
Phel_clc_contig_2176	0	4.5171	4.9288	93.2169	49.5979	29.6184
Phel_clc_contig_124	10.4828	8.0304	20.9475	4060.7627	2119.9539	1311.1063
Phel_clc_contig_2548	48.4829	244.8026	52.985	16304.2236	9004.1357	4890.9795
Phel_clc_contig_3494	24.8966	33.7529	28.3408	259.2596	150.2106	96.7533
Phel_clc_contig_2029	1.3103	30.7415	14.7865	562.2146	344.3508	197.4558
Phel_clc_contig_18	26.207	12.2966	43.1273	129746.3203	74298.9922	46536.3789
Phel_clc_contig_2365	35.3794	38.6464	75.1647	2050.7725	1201.6851	726.6373
Phel_clc_contig_329	13.7587	12.7985	12.3221	512.6931	314.5921	195.4812
Phel_clc_contig_2982	6.5517	13.6768	19.7153	168.9557	103.4469	82.9314
Phel_clc_contig_4215	0	4.1407	3.6966	40.7824	25.5075	17.771
Phel_clc_contig_12907	0	0.6274	0	14.5651	8.5025	5.9237
Phel_clc_contig_8470	79.9312	81.0571	69.0037	384.5198	262.1601	211.2777
Phel_clc_contig_7362	17.6897	41.4069	16.0187	317.5202	206.8939	155.9901
Phel_clc_contig_11036	23.5863	53.9544	30.8052	171.8687	113.3665	77.0078
Phel_clc_contig_1854	12.4483	33.7529	14.7865	151.4775	99.1957	57.2622
Phel_clc_contig_10344	31.4484	91.9735	56.6816	273.8247	192.7231	134.2699
Phel_clc_contig_6668	4.5862	31.3689	13.5543	131.0863	93.5274	55.2876
Phel_clc_contig_5388	62.8967	102.137	59.146	323.3462	255.0746	159.9392
Phel_clc_contig_26	258.7938	709.0616	326.5352	3539.3303	1949.9041	1654.6794
Phel_clc_contig_3957	18.3449	44.7947	22.1798	212.6511	126.1202	110.5752
Phel_clc_contig_9208	31.4484	53.0761	20.9475	297.129	179.9693	155.9901
Phel_clc_contig_1687	365.5872	637.7916	425.1119	1689.5569	1234.278	997.1517
Phel_clc_contig_818	235.8627	387.7191	283.408	996.256	718.4603	592.3673
Phel_clc_contig_7615	36.6898	67.1294	33.2696	186.4339	126.1202	104.6516
Phel_clc_contig_6855	6.5517	22.0837	6.161	78.6518	45.3466	33.5675
Phel_clc_contig_10782	9.8276	3.6388	0	288.3899	131.7886	104.6516
Phel_clc_contig_1695	153.9659	272.0307	200.85	1441.9495	687.2845	580.52
Phel_clc_contig_11006	4.5862	9.1597	7.3933	180.6078	77.9395	59.2367
Phel_clc_contig_420	15.7242	46.9278	33.2696	847.6915	369.8582	280.3872
Phel_clc_contig_2379	49.7932	73.5286	75.1647	1843.9474	776.5606	631.8585
Phel_clc_contig_4813	248.311	296.373	282.1758	2050.7725	1011.7961	918.1694
Phel_clc_contig_1865	163.1384	291.9813	157.7227	2473.1616	1268.2878	902.3729
Phel_clc_contig_4572	117.9313	170.8975	129.3819	885.5609	484.6418	396.8861
Phel_clc_contig_309	305.3111	380.567	481.7935	3323.7664	1762.8492	1526.3331
Phel_clc_contig_6923	34.0691	36.0114	38.1985	142.7384	90.6932	78.9823
Phel_clc_contig_18565	2.6207	5.5209	16.0187	84.4778	42.5124	33.5675
Phel_clc_contig_3275	34.0691	51.9468	89.9512	678.7358	347.1849	246.8197
Phel_clc_contig_2283	197.8626	125.4754	299.4267	1683.7308	806.3193	663.4514
Phel_clc_contig_4889	95.0002	102.5134	139.2396	661.2576	318.8433	270.5144
Phel_clc_contig_777	670.8983	897.6512	1250.6917	5601.7549	2783.1479	2294.4363
Phel_clc_contig_1955	22.2759	34.6312	14.7865	180.6078	96.3615	90.8297
Phel_clc_contig_5637	53.7243	69.137	27.1086	568.0407	290.5017	250.7688
Phel_clc_contig_4833	21.6207	26.0989	18.4831	180.6078	93.5274	90.8297
Phel_clc_contig_2046	715.4501	687.4799	576.6736	3084.8979	1587.1312	1548.0533
Phel_clc_contig_7110	53.0691	62.2358	20.9475	463.1716	209.728	221.1505
Phel_clc_contig_1604	57.0001	92.8518	54.2172	288.3899	158.7131	159.9392
Phel_clc_contig_3421	53.0691	121.4602	80.0936	477.7368	266.4113	234.9724
Phel_clc_contig_484	161.1728	388.9738	237.8162	1488.5579	776.5606	718.739
Phel_clc_contig_5442	49.1381	87.7073	55.4494	401.998	212.5622	187.583
Phel_clc_contig_5519	30.7932	48.9354	25.8764	203.912	109.1153	98.7279
Phel_clc_contig_9235	83.8623	115.1864	75.1647	425.3022	213.9793	205.354
Phel_clc_contig_493	29.4828	93.7301	41.8951	314.6071	148.7935	159.9392
Phel_clc_contig_5166	49.7932	121.8366	70.2359	474.8238	238.0697	276.4381
Phel_clc_contig_9953	30.7932	78.4221	50.5205	279.6508	138.874	152.041
Phel_clc_contig_12273	0	2.7605	3.6966	40.7824	21.2562	21.7201
Phel_clc_contig_6433	31.4484	67.3803	64.0748	329.1723	192.7231	183.6339
Phel_clc_contig_9055	19.6552	46.8023	46.8239	177.6948	107.6982	108.6007
Phel_clc_contig_8842	113.3451	134.3842	166.3481	361.2156	252.2405	246.8197
Phel_clc_contig_6428	40.6208	58.9735	12.3221	203.912	114.7836	98.7279
Phel_clc_contig_1721	728.5536	519.2173	645.6772	1779.8608	1390.1569	1044.541
Phel_clc_contig_216	9649.4043	4555.5112	9457.2002	36051.6484	23275.5625	17865.7988
Phel_clc_contig_130	91.0692	49.3118	149.0972	1171.0377	718.4603	240.8961
Phel_clc_contig_17240	7.2069	4.5171	14.7865	66.9997	48.1808	13.8219
Phel_clc_contig_12358	0.6552	3.7643	4.9288	75.7388	45.3466	19.7456
Phel_clc_contig_18718	4.5862	5.6464	6.161	34.9563	19.8391	11.8473
Phel_clc_contig_1420	2546.6619	2670.1172	2720.7163	9936.3428	6429.2983	4152.4951
Phel_clc_contig_291	75.345	61.7339	139.2396	31105.3242	15824.5479	5627.4897
Phel_clc_contig_15690	7.2069	6.1483	8.6255	52.4345	31.1758	17.771
Phel_clc_contig_2714	83.8623	76.9164	86.2546	894.2999	524.3201	276.4381
Phel_clc_contig_5174	233.242	186.4565	255.0672	815.6481	521.486	367.2678
Phel_clc_contig_6192	9.1724	4.8935	9.8577	55.3476	28.3416	15.7965
Phel_clc_contig_12782	23.5863	24.8441	16.0187	113.6081	79.3566	43.4403
Phel_clc_contig_3218	25.5518	31.2434	22.1798	198.086	134.6227	59.2367
Phel_clc_contig_3757	87.1382	69.2624	65.3071	468.9977	344.3508	152.041
Phel_clc_contig_7541	3.2759	1.1293	0	26.2173	15.5879	5.9237
Phel_clc_contig_4533	127.1038	165.6276	199.6178	637.9534	433.6269	284.3363
Phel_clc_contig_4710	5.8966	14.1787	28.3408	107.7821	62.3516	37.5166
Phel_clc_contig_61	437.0011	354.3426	1230.9763	5223.061	3345.7292	2079.2095
Phel_clc_contig_15258	0	1.1293	0	32.0433	12.7537	1.9746
Phel_clc_contig_1639	239.1385	259.7341	216.8687	1674.9917	799.2339	379.1151
Phel_clc_contig_202	346.5871	738.7993	1016.572	18748.2559	7514.7827	2401.0623
Phel_clc_contig_360	11.7931	85.3233	197.1534	4829.8022	1825.2008	556.8253
Phel_clc_contig_16802	0.6552	0.8783	0	43.6954	15.5879	1.9746
Phel_clc_contig_22525	0	0.5019	0	29.1303	9.9196	1.9746
Phel_clc_contig_6065	9.1724	17.4411	4.9288	206.8251	75.1053	15.7965
Phel_clc_contig_3118	32.1035	61.9849	50.5205	565.1276	225.3159	47.3894
Phel_clc_contig_4866	0	0.8783	0	119.4342	38.2612	0
Phel_clc_contig_15919	0	4.1407	4.9288	87.3909	35.427	3.9491
Phel_clc_contig_7904	1.9655	11.0418	6.161	96.13	38.2612	9.8728
Phel_clc_contig_3782	3.931	9.1597	1.2322	81.5648	36.8441	9.8728
Phel_clc_contig_4180	11.138	27.7301	6.161	157.3036	66.6028	27.6438
Phel_clc_contig_1504	41.276	7.5285	19.7153	221.3902	103.4469	37.5166
Phel_clc_contig_8143	148.7245	57.5932	123.2208	978.7778	539.908	173.7611
Phel_clc_contig_12147	1.3103	4.1407	1.2322	69.9127	34.01	0
Phel_clc_contig_10981	7.2069	12.7985	8.6255	209.7381	109.1153	25.6693
Phel_clc_contig_2427	9.8276	30.7415	6.161	317.5202	165.7985	33.5675
Phel_clc_contig_4200	10.4828	23.5894	9.8577	203.912	106.2811	23.6947
Phel_clc_contig_7628	11.7931	15.559	4.9288	122.3472	62.3516	13.8219
Phel_clc_contig_13864	1.3103	3.5133	0	43.6954	25.5075	1.9746
Phel_clc_contig_7180	49.7932	68.5096	32.0374	317.5202	205.4768	67.135
Phel_clc_contig_5602	34.7242	51.4449	25.8764	358.3026	245.1551	57.2622
Phel_clc_contig_240	0	1.2548	8.6255	343.7374	198.3914	13.8219
Phel_clc_contig_9026	2.6207	1.8821	3.6966	174.7818	109.1153	15.7965
Phel_clc_contig_2712	13.7587	28.9848	7.3933	154.3905	87.859	31.5929
Phel_clc_contig_5042	15.069	39.2738	16.0187	192.2599	128.9544	49.3639
Phel_clc_contig_14650	0.6552	5.27	4.9288	49.5215	22.6733	9.8728
Phel_clc_contig_15018	0.6552	2.384	2.4644	29.1303	12.7537	5.9237
Phel_clc_contig_2203	117.2762	183.0686	220.5653	920.5172	422.2903	292.2346
Phel_clc_contig_7558	0.6552	7.2776	8.6255	75.7388	28.3416	13.8219
Phel_clc_contig_1019	874.0023	723.7423	796.0067	4113.1973	2362.2747	1563.8497
Phel_clc_contig_4727	16.3794	11.2928	14.7865	422.3892	204.0597	100.7024
Phel_clc_contig_1224	72.0692	94.3575	80.0936	1002.082	452.049	248.7943
Phel_clc_contig_1112	135.621	184.5744	129.3819	5569.7119	2518.1536	1494.7402
Phel_clc_contig_2826	5.8966	12.5475	8.6255	221.3902	99.1957	57.2622
Phel_clc_contig_3712	7.2069	23.4639	23.412	1383.6888	596.5912	321.8529
Phel_clc_contig_458	92.3795	173.5325	134.3107	3955.8936	1785.5226	931.9913
Phel_clc_contig_884	13.1035	21.7072	9.8577	241.7814	120.4519	55.2876
Phel_clc_contig_3071	296.1387	343.1753	417.7187	2007.077	1013.2132	698.9935
Phel_clc_contig_296	0	1.0038	1.2322	10300.4707	3654.6528	1565.8243
Phel_clc_contig_3665	17.0345	25.346	11.0899	375.7808	145.9594	94.7788
Phel_clc_contig_148	13.1035	15.0571	19.7153	3090.7239	1171.9263	598.291
Phel_clc_contig_684	2584.6619	2271.8582	2109.541	17597.6094	7959.7461	5386.5938
Phel_clc_contig_634	21.6207	42.0343	49.2883	3778.1987	1347.6444	795.7468
Phel_clc_contig_324	7.2069	13.9278	16.0187	16479.0059	6510.0718	4152.4951
Phel_clc_contig_750	2793.0073	2281.1433	2720.7163	18180.2148	8418.8809	6431.1348
Phel_clc_contig_1378	133.0004	245.6809	115.8276	1686.6439	657.5258	387.0133
Phel_clc_contig_1605	387.8631	429.7534	381.9846	2379.9448	1041.5548	716.7645
Phel_clc_contig_4627	24.8966	47.8061	24.6442	559.3016	199.8085	114.5244
Phel_clc_contig_1649	171.0004	206.909	146.6328	818.5612	399.6169	302.1073
Phel_clc_contig_9242	59.6208	70.8936	19.7153	655.4316	247.9892	165.8629
Phel_clc_contig_4093	118.5865	316.3235	62.8426	2502.292	845.9976	558.7999
Phel_clc_contig_4815	50.4484	90.3423	35.734	550.5625	215.3964	157.9646
Phel_clc_contig_1507	74.6898	213.6847	112.131	1718.6871	709.9578	422.5554
Phel_clc_contig_8135	34.7242	47.9316	33.2696	215.5642	104.864	73.0586
Phel_clc_contig_5239	28.8277	60.1027	43.1273	378.6938	168.6327	96.7533
Phel_clc_contig_6400	21.6207	63.2396	40.6629	326.2593	128.9544	98.7279
Phel_clc_contig_6665	23.5863	68.7605	23.412	308.7811	133.2057	84.906
Phel_clc_contig_16777	7.2069	17.8175	14.7865	75.7388	38.2612	35.542
Phel_clc_contig_4022	49.7932	102.388	93.6479	451.5195	222.4818	181.6593
Phel_clc_contig_3307	30.7932	73.6541	30.8052	285.4769	140.2911	116.4989
Phel_clc_contig_812	490.7254	858.8793	485.4901	2988.7678	1492.1868	1259.7678
Phel_clc_contig_6982	26.8621	54.5818	33.2696	183.5208	93.5274	75.0332
Phel_clc_contig_2554	26.8621	87.8328	23.412	672.9097	262.1601	207.3286
Phel_clc_contig_8057	34.0691	76.6655	38.1985	308.7811	133.2057	112.5498
Phel_clc_contig_8681	23.5863	39.0229	11.0899	221.3902	85.0249	75.0332
Phel_clc_contig_11386	11.7931	19.5742	7.3933	90.3039	46.7637	33.5675
Phel_clc_contig_2240	49.7932	74.156	32.0374	305.8681	171.4669	116.4989
Phel_clc_contig_16229	1.9655	5.5209	1.2322	32.0433	17.005	9.8728
Phel_clc_contig_3628	27.5173	79.175	28.3408	451.5195	226.733	148.0918
Phel_clc_contig_2208	165.759	268.8939	139.2396	900.126	490.3102	347.5222
Phel_clc_contig_8080	17.6897	37.5172	19.7153	139.8254	76.5224	49.3639
Phel_clc_contig_4404	57.6553	105.0229	48.0561	442.7804	240.9038	130.3208
Phel_clc_contig_894	178.2074	235.3919	161.4193	795.257	440.7123	294.2091
Phel_clc_contig_2438	2.6207	20.578	9.8577	139.8254	69.437	41.4657
Phel_clc_contig_17809	9.8276	16.3118	8.6255	75.7388	45.3466	27.6438
Phel_clc_contig_7766	28.8277	54.3309	29.573	279.6508	165.7985	96.7533
Phel_clc_contig_3932	37.3449	110.7948	38.1985	865.1697	452.049	264.5908
Phel_clc_contig_8813	18.3449	30.9924	12.3221	209.7381	113.3665	65.1604
Phel_clc_contig_9547	73.3795	104.521	91.1834	468.9977	290.5017	181.6593
Phel_clc_contig_2977	315.7939	601.6547	197.1534	1890.5559	1146.4188	700.968
Phel_clc_contig_4703	20.3104	56.0875	17.2509	206.8251	117.6178	65.1604
Phel_clc_contig_7137	55.6898	123.2169	40.6629	436.9544	243.738	150.0664
Phel_clc_contig_19685	4.5862	1.8821	1.2322	46.6085	7.0854	33.5675
Phel_clc_contig_15221	2.6207	2.2586	0	32.0433	5.6683	17.771
Phel_clc_contig_6408	14.4138	24.5932	6.161	163.1296	29.7587	92.8042
Phel_clc_contig_4716	50.4484	58.7225	61.6104	288.3899	77.9395	179.6848
Phel_clc_contig_2201	2090.0054	1793.2948	2799.5776	8931.3477	3368.4026	5734.1157
Phel_clc_contig_3578	13.1035	2.384	14.7865	163.1296	38.2612	86.8805
Phel_clc_contig_1665	322.3457	483.4568	982.0702	3615.0691	1145.0018	2217.4285
Phel_clc_contig_9657	2.6207	5.019	9.8577	58.2606	15.5879	29.6184
Phel_clc_contig_16015	15.7242	17.0647	11.0899	61.1736	31.1758	41.4657
Phel_clc_contig_16939	4.5862	7.654	3.6966	34.9563	17.005	21.7201
Phel_clc_contig_2747	60.9312	86.7035	54.2172	294.2159	145.9594	197.4558
Phel_clc_contig_1761	12.4483	19.4487	6.161	401.998	128.9544	231.0233
Phel_clc_contig_2802	21.6207	61.9849	41.8951	1007.9081	357.1045	594.3419
Phel_clc_contig_1654	57.6553	100.3803	82.558	2021.6422	687.2845	983.3298
Phel_clc_contig_365	49.1381	51.3195	55.4494	326.2593	137.4569	187.583
Phel_clc_contig_3127	51.1036	11.2928	13.5543	553.4755	209.728	308.031
Phel_clc_contig_255	628.312	551.2136	815.722	11768.6377	5357.9849	7605.9966
Phel_clc_contig_1808	18.3449	80.3043	80.0936	3600.5039	1670.739	1984.4305
Phel_clc_contig_20	132.3452	520.3466	682.6435	41775.75	18677.1328	22164.4121
Phel_clc_contig_12741	4.5862	9.1597	7.3933	52.4345	24.0904	31.5929
Phel_clc_contig_5641	26.207	55.4601	27.1086	568.0407	252.2405	323.8275
Phel_clc_contig_315	15.7242	63.4906	17.2509	914.6912	381.1949	438.3518
Phel_clc_contig_2323	14.4138	40.5286	20.9475	259.2596	134.6227	150.0664
Phel_clc_contig_7024	82.5519	116.4412	101.0411	369.9547	232.4014	258.6671
Phel_clc_contig_9195	25.5518	30.4905	23.412	125.2603	75.1053	82.9314
Phel_clc_contig_4099	95.6554	122.5895	117.0598	1188.5159	358.5216	758.2302
Phel_clc_contig_9982	28.8277	24.9696	25.8764	84.4778	45.3466	67.135
Phel_clc_contig_2232	106.7934	172.9052	198.3856	661.2576	324.5116	426.5045
Phel_clc_contig_4379	65.5174	91.9735	112.131	250.5205	154.4619	203.3795
Phel_clc_contig_1064	1065.9683	1476.2185	1386.2346	3597.5911	2363.6919	2811.7703
Phel_clc_contig_1171	10.4828	44.7947	20.9475	148.5645	82.1907	116.4989
Phel_clc_contig_16258	33.4139	57.8442	38.1985	145.6515	89.2761	120.448
Phel_clc_contig_4308	98.2761	169.2664	114.5954	428.2153	219.6476	302.1073
Phel_clc_contig_9012	17.0345	47.5552	25.8764	157.3036	77.9395	114.5244
Phel_clc_contig_9771	68.7933	134.0078	45.5917	471.9107	208.311	357.395
Phel_clc_contig_2659	34.7242	88.9621	41.8951	250.5205	161.5473	171.7865
Phel_clc_contig_2392	66.8278	258.4794	138.0074	783.6049	522.903	505.4868
Phel_clc_contig_9671	43.8967	87.4564	61.6104	250.5205	170.0498	177.7102
Phel_clc_contig_5986	76.0002	114.5591	77.6291	270.9117	168.6327	189.5575
Phel_clc_contig_8757	13.7587	33.5019	17.2509	101.956	56.6833	69.1095
Phel_clc_contig_8374	28.1725	84.9469	40.6629	285.4769	161.5473	173.7611
Phel_clc_contig_4101	24.2414	25.597	4.9288	104.869	48.1808	77.0078
Phel_clc_contig_4594	24.8966	8.6578	8.6255	93.2169	45.3466	69.1095
Phel_clc_contig_4430	155.2763	105.0229	195.9212	585.5189	306.0896	321.8529
Phel_clc_contig_63	2443.7993	2200.9646	3301.0867	9295.4756	5017.8853	5530.7363
Phel_clc_contig_119	2019.2466	2019.6526	2261.1025	4372.4565	3803.4465	4604.6689
Phel_clc_contig_2021	44.5518	33.251	86.2546	317.5202	256.4917	323.8275
Phel_clc_contig_10332	74.6898	65.4982	70.2359	145.6515	119.0348	148.0918
Phel_clc_contig_8695	202.4488	166.5059	173.7414	416.5632	342.9337	430.4536
Phel_clc_contig_5769	121.2072	111.6731	113.3632	297.129	233.8184	286.3109
Phel_clc_contig_13542	1.9655	2.384	1.2322	14.5651	12.7537	13.8219
Phel_clc_contig_2658	360.3458	280.6885	259.996	2420.7273	2067.5217	2333.9272
Phel_clc_contig_2923	275.8283	318.8331	395.5389	3985.0239	2990.0417	3587.7715
Phel_clc_contig_4183	15.069	35.635	11.0899	267.9987	188.4718	246.8197
Phel_clc_contig_14016	0	0.251	1.2322	26.2173	12.7537	21.7201
Phel_clc_contig_11189	22.2759	24.3422	29.573	174.7818	103.4469	175.7356
Phel_clc_contig_6927	70.1036	78.924	66.5393	390.3459	240.9038	373.1914
Phel_clc_contig_6963	127.7589	117.5705	141.704	527.2583	327.3458	568.6727
Phel_clc_contig_162	347.2423	725.3735	534.7785	20478.5957	12402.2969	13914.709
Phel_clc_contig_4915	47.1725	59.6008	38.1985	1077.8208	718.4603	801.6705
Phel_clc_contig_15186	9.1724	20.9544	9.8577	177.6948	113.3665	140.1936
Phel_clc_contig_6374	14.4138	17.8175	8.6255	99.043	66.6028	78.9823
Phel_clc_contig_847	230.6213	427.3693	289.569	2310.032	1716.0856	1893.601
Phel_clc_contig_223	872.6919	888.1151	549.565	2601.335	1904.5574	2357.6221
Phel_clc_contig_4273	16.3794	17.1901	12.3221	49.5215	34.01	45.4148
Phel_clc_contig_903	391.1389	481.9511	225.4942	2170.2068	1244.1975	1648.7557
Phel_clc_contig_1930	1101.3477	1197.0356	1532.8674	2767.3777	2263.0791	2590.6199
Phel_clc_contig_229	846.4849	754.8602	1125.0063	4290.8921	2970.2026	3546.3059
Phel_clc_contig_1944	289.5869	302.6467	398.0034	865.1697	660.3599	714.7899
Phel_clc_contig_892	729.864	970.9289	1144.7217	2866.4207	2108.6172	2345.7747
Phel_clc_contig_175	327.5871	617.9665	683.8757	1779.8608	1480.8501	1638.8829
Phel_clc_contig_3148	534.6221	662.1339	666.6248	1179.7769	1028.8011	1086.0068
Phel_clc_contig_396	163.1384	281.8178	319.142	1252.6025	991.957	1062.3121
Phel_clc_contig_5604	51.1036	68.2586	71.4681	221.3902	165.7985	189.5575
Phel_clc_contig_8476	44.5518	82.8138	76.3969	273.8247	206.8939	254.718
Phel_clc_contig_331	2525.6963	4756.146	6901.6001	16907.2207	13608.2324	13284.8252
Phel_clc_contig_5780	741.0019	860.2596	931.5496	1695.3829	1580.0458	1453.2745
Phel_clc_contig_11551	81.2416	177.1713	60.3782	358.3026	235.2355	317.9038
Phel_clc_contig_2646	61.5864	110.1674	62.8426	250.5205	201.2256	236.9469
Phel_clc_contig_8419	25.5518	42.0343	25.8764	107.7821	83.6078	102.677
Phel_clc_contig_7468	58.9657	118.4488	78.8613	256.3466	216.8135	227.0741
Phel_clc_contig_886	58.3105	129.2397	93.6479	288.3899	205.4768	264.5908
Phel_clc_contig_1546	30.138	22.0837	11.0899	87.3909	77.9395	71.0841
Phel_clc_contig_4016	146.759	91.9735	55.4494	407.8241	307.5067	284.3363
Phel_clc_contig_1784	1741.4528	1459.1538	3341.7495	10122.7764	8132.6304	5584.0493
Phel_clc_contig_1027	2040.2122	1497.8002	2439.7729	7699.1362	5635.7329	4784.3535
Phel_clc_contig_4867	359.0354	315.0688	396.7711	801.083	700.0382	586.4437
Phel_clc_contig_2167	672.2086	643.8145	940.1751	1701.209	1502.1063	1368.3685
Phel_clc_contig_2604	363.6216	322.3464	691.269	2164.3806	1414.2472	1427.6053
Phel_clc_contig_6209	40.6208	42.9126	65.3071	177.6948	134.6227	122.4226
Phel_clc_contig_717	2996.7664	3486.084	5891.189	15843.9658	11886.4785	10745.5439
Phel_clc_contig_919	1280.8654	1713.4924	2906.7798	7343.7466	5424.5874	5017.3516
Phel_clc_contig_3355	117.9313	99.2511	150.3294	364.1286	243.738	280.3872
Phel_clc_contig_3001	645.3465	431.0081	597.6212	1261.3417	1010.379	1014.9227
Phel_clc_contig_264	1516.728	1115.4766	1750.9683	4098.6318	2956.0317	2953.9385
Phel_clc_contig_6828	150.69	102.7644	162.6515	396.172	299.0042	302.1073
Phel_clc_contig_1521	816.3469	1211.5908	1016.572	3081.9849	2472.8071	2397.1133
Phel_clc_contig_43	646.0016	2047.6335	1977.6947	9665.4307	6986.2114	6598.9722
Phel_clc_contig_1512	317.7594	853.1075	430.0408	3970.4587	2686.7864	2357.6221
Phel_clc_contig_224	53.0691	90.3423	70.2359	413.6501	300.4213	266.5653
Phel_clc_contig_6916	56.345	107.2815	67.7715	288.3899	218.2305	199.4303
Phel_clc_contig_1199	1200.2789	1845.3672	1847.0806	4762.8027	3746.7632	3258.0203
Phel_clc_contig_6046	46.5174	91.3461	96.1123	294.2159	213.9793	193.5067
Phel_clc_contig_7478	99.5865	171.1485	151.5616	576.7798	413.7878	349.4967
Phel_clc_contig_1398	830.7607	832.0276	1065.8604	7451.5283	4871.9258	4667.8545
Phel_clc_contig_2063	539.2083	157.9736	395.5389	8922.6084	5583.3008	5619.5913
Phel_clc_contig_4057	35.3794	34.7567	41.8951	337.9114	239.4868	223.125
Phel_clc_contig_505	96.3106	170.6466	119.5242	1715.7742	1044.389	941.8641
Phel_clc_contig_3706	942.7955	882.4687	808.3288	2315.8582	1833.7034	1636.9084
Phel_clc_contig_4592	182.1384	190.4717	130.6141	524.3452	391.1145	371.2169
Phel_clc_contig_171	101.552	73.0267	40.6629	14728.2754	11145.3457	7116.3062
Phel_clc_contig_1970	14.4138	33.8784	30.8052	308.7811	235.2355	155.9901
Phel_clc_contig_2728	42.5863	66.502	46.8239	605.91	443.5465	288.2854
Phel_clc_contig_6928	157.897	148.9393	161.4193	527.2583	464.8027	337.6494
Phel_clc_contig_14520	19.6552	31.1179	25.8764	139.8254	110.5323	88.8551
Phel_clc_contig_8698	25.5518	54.2054	24.6442	241.7814	198.3914	150.0664
Phel_clc_contig_4454	145.4487	133.8823	162.6515	719.5182	600.8425	541.0288
Phel_clc_contig_9346	36.6898	36.5134	54.2172	267.9987	223.8989	187.583
Phel_clc_contig_7751	58.3105	49.9392	64.0748	250.5205	198.3914	189.5575
Phel_clc_contig_755	32.1035	34.5057	17.2509	495.215	396.7828	329.7512
Phel_clc_contig_817	1404.6932	1558.9067	1990.0167	6158.1436	5190.769	4152.4951
Phel_clc_contig_840	577.2084	651.7194	1083.1113	8104.0469	6855.8398	4993.6567
Phel_clc_contig_9460	50.4484	52.9506	55.4494	186.4339	167.2156	134.2699
Phel_clc_contig_12963	3.931	7.4031	1.2322	46.6085	46.7637	7.8982
Phel_clc_contig_18315	0	0.1255	0	14.5651	15.5879	0
Phel_clc_contig_13204	0	0.1255	2.4644	61.1736	58.1003	5.9237
Phel_clc_contig_2677	479.5875	376.5518	691.269	2781.9429	2725.0476	756.2556
Phel_clc_contig_12958	9.8276	23.0875	12.3221	139.8254	141.7081	39.4912
Phel_clc_contig_2921	7.2069	11.5437	16.0187	145.6515	155.879	39.4912
Phel_clc_contig_4685	1.9655	1.6312	1.2322	58.2606	60.9345	11.8473
Phel_clc_contig_23628	1.9655	0.7529	0	11.6521	12.7537	3.9491
Phel_clc_contig_5567	118.5865	110.9203	92.4156	369.9547	416.6219	163.8883
Phel_clc_contig_1128	60.9312	158.35	146.6328	2173.1196	2400.5359	1157.0908
Phel_clc_contig_13848	9.1724	22.962	16.0187	122.3472	124.7032	69.1095
Phel_clc_contig_1891	209.0005	409.0499	316.6776	1692.47	1744.4272	882.6273
Phel_clc_contig_2345	85.1726	164.2473	141.704	754.4745	765.2239	392.937
Phel_clc_contig_4121	113.3451	145.5515	125.6853	308.7811	311.7579	187.583
Phel_clc_contig_7077	19.6552	66.7529	35.734	396.172	406.7024	171.7865
Phel_clc_contig_10765	0	0.7529	2.4644	61.1736	68.0199	21.7201
Phel_clc_contig_6713	0	3.2624	17.2509	168.9557	206.8939	69.1095
Phel_clc_contig_20276	1.9655	9.7871	4.9288	37.8694	42.5124	11.8473
Phel_clc_contig_5301	44.5518	70.8936	52.985	171.8687	182.8035	86.8805
Phel_clc_contig_3815	19.6552	60.4792	33.2696	163.1296	168.6327	75.0332
Phel_clc_contig_11063	10.4828	15.6844	6.161	64.0866	56.6833	29.6184
Phel_clc_contig_13562	0.6552	5.5209	0	34.9563	31.1758	11.8473
Phel_clc_contig_15329	0.6552	3.5133	1.2322	20.3912	18.4221	7.8982
Phel_clc_contig_6826	32.1035	59.3499	44.3595	273.8247	246.5722	122.4226
Phel_clc_contig_2317	444.208	482.453	423.8797	1718.6871	1570.1262	827.3397
Phel_clc_contig_3490	21.6207	141.6618	110.8988	1019.5602	871.5051	331.7257
Phel_clc_contig_4300	1.3103	17.943	12.3221	81.5648	73.6882	37.5166
Phel_clc_contig_2842	24.8966	38.8974	49.2883	940.9084	739.7165	296.1837
Phel_clc_contig_1442	91.7244	47.1788	49.2883	2828.5513	2254.5764	1018.8718
Phel_clc_contig_194	529.3807	488.4759	447.2917	6429.0552	5134.0859	2588.6453
Phel_clc_contig_5770	338.0699	315.9471	293.2656	932.1693	786.4802	519.3087
Phel_clc_contig_2739	10.4828	14.5552	1.2322	900.126	654.6916	323.8275
Phel_clc_contig_6787	2.6207	3.2624	2.4644	75.7388	56.6833	27.6438
Phel_clc_contig_8026	76.6554	81.1826	85.0224	533.0844	457.7173	254.718
Phel_clc_contig_2346	101.552	114.4336	144.1684	445.6935	348.602	227.0741
Phel_clc_contig_7133	148.7245	119.4526	171.277	524.3452	430.7928	282.3618
Phel_clc_contig_13487	0	1.5057	0	23.3042	17.005	3.9491
Phel_clc_contig_17009	0	0.1255	0	26.2173	18.4221	3.9491
Phel_clc_contig_3793	49.7932	76.791	40.6629	399.085	321.6775	118.4735
Phel_clc_contig_9841	1.9655	0.5019	0	34.9563	26.9245	3.9491
Phel_clc_contig_1456	136.2762	135.6389	146.6328	1535.1664	1238.5292	454.1483
Phel_clc_contig_3209	13.1035	2.8859	3.6966	1654.6006	1394.4081	347.5222
Phel_clc_contig_8574	0	2.5095	2.4644	43.6954	38.2612	7.8982
Phel_clc_contig_5521	14.4138	51.8214	14.7865	224.3032	201.2256	63.1858
Phel_clc_contig_4060	164.4487	283.3235	131.8463	818.5612	653.2745	304.0819
Phel_clc_contig_7276	15.7242	30.9924	9.8577	128.1733	103.4469	41.4657
Phel_clc_contig_8751	16.3794	4.2662	14.7865	66.9997	69.437	33.5675
Phel_clc_contig_14362	7.2069	12.7985	3.6966	37.8694	62.3516	19.7456
Phel_clc_contig_1756	4.5862	33.3765	13.5543	87.3909	161.5473	41.4657
Phel_clc_contig_19144	3.931	3.5133	1.2322	17.4782	34.01	11.8473
Phel_clc_contig_2142	167.7246	341.0422	177.438	1724.5133	3410.915	1338.7502
Phel_clc_contig_3948	52.4139	85.8252	69.0037	157.3036	239.4868	128.3463
Phel_clc_contig_1813	247.6558	1420.2563	1095.4333	6612.5762	9288.9688	2884.8289
Phel_clc_contig_2182	56.345	73.0267	83.7902	212.6511	272.0796	155.9901
Phel_clc_contig_14147	0	8.7833	3.6966	46.6085	60.9345	29.6184
Phel_clc_contig_4693	28.1725	63.9925	43.1273	355.3896	487.476	231.0233
Phel_clc_contig_11649	0	0.1255	0	23.3042	36.8441	13.8219
Phel_clc_contig_4230	0	4.1407	1.2322	46.6085	79.3566	27.6438
Phel_clc_contig_8219	74.0347	23.7149	96.1123	824.3873	1261.2024	410.708
Phel_clc_contig_7676	78.6209	83.5666	101.0411	183.5208	253.6576	150.0664
Phel_clc_contig_6415	4.5862	5.8973	4.9288	96.13	141.7081	7.8982
Phel_clc_contig_9078	0	0.5019	0	46.6085	65.1857	0
Phel_clc_contig_12557	17.6897	14.5552	8.6255	43.6954	48.1808	35.542
Phel_clc_contig_2003	90.414	65.7491	59.146	206.8251	243.738	165.8629
Phel_clc_contig_3549	334.1388	293.9889	277.2469	678.7358	666.0283	527.2069
Phel_clc_contig_7219	163.7935	95.7378	103.5055	413.6501	378.3607	302.1073
Phel_clc_contig_1076	1303.1414	990.8795	1357.8938	2339.1624	2526.6562	2002.2017
Phel_clc_contig_2830	572.6222	440.4188	693.7334	1109.8641	1276.7904	993.2026
Phel_clc_contig_2018	201.1385	171.1485	235.3518	512.6931	581.0034	424.5299
Phel_clc_contig_3568	287.6214	243.7988	401.7	801.083	922.52	657.5278
Phel_clc_contig_1317	141.5176	123.0914	220.5653	1185.6029	1247.0316	750.332
Phel_clc_contig_6240	278.449	265.0041	332.6963	801.083	867.2538	598.291
Phel_clc_contig_277	207.035	198.8786	278.4791	623.3882	705.7065	458.0974
Phel_clc_contig_2339	209.0005	242.1676	320.3742	678.7358	660.3599	529.1815
Phel_clc_contig_451	2124.0745	2122.7935	3702.7866	10073.2549	10211.4883	6853.6899
Phel_clc_contig_2569	60.9312	63.867	89.9512	329.1723	317.4262	225.0996
Phel_clc_contig_4297	70.1036	55.3347	76.3969	206.8251	194.1402	142.1682
Phel_clc_contig_1117	1673.3147	1343.4655	1575.9946	5097.8008	5163.8447	4296.6377
Phel_clc_contig_7409	11.7931	14.8061	22.1798	343.7374	359.9387	298.1582
Phel_clc_contig_263	133.6555	119.7036	160.1871	381.6068	399.6169	319.8784
Phel_clc_contig_6044	126.4486	202.1409	284.6402	1360.3846	1368.9006	1093.905
Phel_clc_contig_18679	0	0.5019	0	5.8261	7.0854	3.9491
Phel_clc_contig_4645	120.552	170.6466	139.2396	1287.5588	1458.1768	1022.8209
Phel_clc_contig_8599	24.8966	43.9164	17.2509	235.9554	263.5771	187.583
Phel_clc_contig_2080	150.69	160.6086	161.4193	1071.9948	1081.2332	766.1284
Phel_clc_contig_8438	2.6207	3.0114	1.2322	221.3902	225.3159	132.2954
Phel_clc_contig_7407	62.2415	74.4069	71.4681	145.6515	150.2106	118.4735
Phel_clc_contig_3298	165.759	180.4337	271.0859	518.5192	498.8127	343.5731
Phel_clc_contig_619	357.7251	491.3618	914.2987	1942.9905	2190.8079	1245.9459
Phel_clc_contig_8354	24.2414	28.1065	48.0561	136.9124	154.4619	80.9569
Phel_clc_contig_3927	9.1724	19.8251	25.8764	93.2169	79.3566	51.3385
Phel_clc_contig_7888	165.1039	308.0422	342.554	815.6481	707.1236	481.7921
Phel_clc_contig_1312	237.8282	220.8368	305.5877	553.4755	521.486	513.385
Phel_clc_contig_6632	191.3108	164.4983	248.9061	445.6935	444.9636	416.6317
Phel_clc_contig_122	3326.9741	3408.2891	5648.4438	17186.8711	15886.8994	13304.5703
Phel_clc_contig_2925	342.6561	310.8026	388.1457	687.4749	673.1136	596.3165
Phel_clc_contig_6711	286.3111	254.9661	336.3929	553.4755	542.7422	475.8684
Phel_clc_contig_345	1964.8672	2465.3413	5804.9341	10903.4678	11260.1289	10103.8125
Phel_clc_contig_5539	369.5182	397.7571	845.295	1526.4272	1384.4885	1366.394
Phel_clc_contig_2597	705.6225	762.1378	1223.583	1861.4257	2304.1743	2185.8354
Phel_clc_contig_3790	122.5176	90.2168	160.1871	262.1726	320.2604	317.9038
Phel_clc_contig_1529	463.2081	873.309	1335.714	8369.1328	8475.5635	9000.0342
Phel_clc_contig_2355	22.2759	44.0419	107.2021	704.9531	810.5706	774.0267
Phel_clc_contig_522	474.3461	506.5443	585.2991	1045.7775	1157.7555	1139.3198
Phel_clc_contig_1544	1977.9706	937.8033	2309.1587	7195.1821	7402.8335	7134.0771
Phel_clc_contig_829	85.1726	68.5096	82.558	168.9557	168.6327	167.8374
Phel_clc_contig_3559	1155.7272	1239.9482	1377.6091	2665.4216	3416.5833	2936.1675
Phel_clc_contig_3866	74.6898	61.9849	77.6291	200.999	259.3259	217.2014
Phel_clc_contig_813	150.69	146.4298	259.996	573.8668	765.2239	554.8508
Phel_clc_contig_958	398.3459	507.6736	871.1714	2111.946	2503.9829	2136.4714
Phel_clc_contig_14596	2.6207	4.1407	0	14.5651	22.6733	13.8219
Phel_clc_contig_16634	9.1724	10.7909	4.9288	32.0433	49.5979	31.5929
Phel_clc_contig_2347	155.9314	173.0306	129.3819	381.6068	486.0589	343.5731
Phel_clc_contig_17377	2.6207	6.9011	2.4644	20.3912	28.3416	21.7201
Phel_clc_contig_787	1978.6259	2652.5505	1808.8821	3985.0239	4820.9111	3876.0569
Phel_clc_contig_6638	151.3452	248.6923	160.1871	352.4765	483.2248	410.708
Phel_clc_contig_2775	34.0691	123.0914	73.9325	227.2163	249.4063	232.9978
Phel_clc_contig_367	19.6552	45.4221	28.3408	104.869	107.6982	96.7533
Phel_clc_contig_3683	100.2416	163.369	138.0074	291.3029	277.748	250.7688
Phel_clc_contig_5862	55.0346	145.426	105.9699	355.3896	401.034	323.8275
Phel_clc_contig_6852	13.1035	28.9848	27.1086	69.9127	83.6078	63.1858
Phel_clc_contig_5652	9.1724	13.4259	2.4644	49.5215	52.432	27.6438
Phel_clc_contig_1945	41.276	98.2473	40.6629	259.2596	274.9138	177.7102
Phel_clc_contig_8954	28.1725	52.5742	17.2509	139.8254	153.0448	98.7279
Phel_clc_contig_6506	183.4487	341.1677	141.704	678.7358	792.1485	465.9956
Phel_clc_contig_8593	18.3449	54.5818	28.3408	122.3472	128.9544	77.0078
Phel_clc_contig_10295	111.3796	64.2434	200.85	259.2596	379.7778	546.9525
Phel_clc_contig_4124	386.5527	387.3427	550.7972	853.5175	1011.7961	1328.8774
Phel_clc_contig_6564	41.276	47.4297	87.4868	116.5212	157.296	179.6848
Phel_clc_contig_13573	2.6207	3.2624	1.2322	5.8261	17.005	19.7456
Phel_clc_contig_7479	193.9315	208.9166	214.4043	361.2156	522.903	586.4437
Phel_clc_contig_1077	612.5878	920.1113	741.7896	2030.3813	2597.5103	2509.6628
Phel_clc_contig_671	26.207	97.7454	56.6816	192.2599	262.1601	244.8452
Phel_clc_contig_5382	22.2759	47.1788	46.8239	81.5648	148.7935	132.2954
Phel_clc_contig_5845	54.3795	90.4678	83.7902	139.8254	212.5622	175.7356
Phel_clc_contig_18668	6.5517	8.2814	4.9288	17.4782	36.8441	21.7201
Phel_clc_contig_3910	309.2422	419.5898	258.7638	1383.6888	4591.3438	2211.5046
Phel_clc_contig_24521	1.3103	0.5019	0	5.8261	15.5879	9.8728
Phel_clc_contig_3205	929.6921	602.0311	802.1677	1791.5129	3324.4729	2193.7336
Phel_clc_contig_2987	1904.5912	459.6165	690.0367	2630.4653	6076.4453	3990.5813
Phel_clc_contig_12930	83.2071	48.1826	80.0936	110.6951	284.8334	199.4303
Phel_clc_contig_7815	366.8975	279.0574	214.4043	431.1283	1767.1005	1034.6683
Phel_clc_contig_4784	288.9318	172.2778	316.6776	480.6498	718.4603	568.6727
Phel_clc_contig_5083	207.035	156.0914	262.4604	329.1723	544.1592	527.2069
Phel_clc_contig_18398	10.4828	10.7909	9.8577	20.3912	26.9245	100.7024
Phel_clc_contig_2459	87.7933	59.2244	119.5242	833.1263	487.476	2667.6277
Phel_clc_contig_4490	81.2416	129.7416	69.0037	276.7378	137.4569	1028.7446
Phel_clc_contig_5957	212.9316	215.1904	130.6141	806.9091	150.2106	1869.9062
Phel_clc_contig_1788	1168.8306	979.3358	760.2726	2021.6422	1728.8394	2239.1484
Phel_clc_contig_107	2342.9026	2591.6951	338.8573	12928.0234	8050.4395	14086.4951
Phel_clc_contig_6385	25.5518	21.5818	13.5543	66.9997	45.3466	77.0078
Phel_clc_contig_1669	161.828	108.5362	257.5316	693.301	762.3898	1072.1849
Phel_clc_contig_401	822.8987	617.5901	882.2613	1747.8175	1720.3368	2349.7239
Phel_clc_contig_2231	480.8978	390.2286	587.7635	1080.7338	1031.6353	1267.6661
Phel_clc_contig_4415	164.4487	152.9545	213.1721	355.3896	334.4312	408.7335
Phel_clc_contig_6936	52.4139	90.4678	98.5767	183.5208	185.6377	246.8197
Phel_clc_contig_13686	38.6553	42.9126	17.2509	160.2166	185.6377	197.4558
Phel_clc_contig_4103	85.1726	91.5971	89.9512	224.3032	222.4818	270.5144
Phel_clc_contig_7020	3.931	7.2776	1.2322	52.4345	52.432	65.1604
Phel_clc_contig_907	46.5174	93.6047	45.5917	439.8674	537.0739	643.7059
Phel_clc_contig_12110	21.6207	25.2206	35.734	151.4775	52.432	175.7356
Phel_clc_contig_2495	88.4485	222.8444	121.9886	605.91	300.4213	876.7037
Phel_clc_contig_2254	299.4146	72.1484	161.4193	1287.5588	568.2496	2288.5125
Phel_clc_contig_6286	5.2414	1.0038	11.0899	49.5215	21.2562	80.9569
Phel_clc_contig_5132	12.4483	21.0799	13.5543	46.6085	42.5124	86.8805
Phel_clc_contig_4737	89.7589	78.0457	113.3632	215.5642	155.879	252.7434
Phel_clc_contig_9469	14.4138	27.4791	35.734	87.3909	55.2662	98.7279
Phel_clc_contig_9844	8.5173	17.8175	17.2509	61.1736	38.2612	67.135
Phel_clc_contig_998	850.416	961.8947	1625.2831	3023.7241	2081.6926	3007.2515
						